0 47.56154905 13.99799200 28.47714065 22.82985535
1 27.62388525 56.81982557 39.52675958 21.83411252
2 37.98666775 44.24307122 17.01974689 21.68424808
3 16.75602000 24.31190505 57.94763680 21.39800916
4 35.90108893 24.34864855 48.00590764 20.93855135
5 16.71010657 34.09037342 13.20111563 20.72271835
6 50.27821317 46.67493840 53.72012524 20.00423597
7 58.42585455 16.18708933 57.86400091 19.46490589
8 59.95882020 43.74862590 29.33611241 18.22403296
9 22.51468245 15.59469009 30.40441095 18.01886726
10 27.09060147 47.00299483 58.30255133 17.76706082
11 23.48003876 38.96913918 31.91290435 17.27147853
12 38.38119543 19.01112975 9.26011614 17.15229407
13 49.23069160 60.70465249 35.79343779 16.74730067
14 8.32834797 55.77457671 16.69112634 16.65036794
15 56.51075395 39.06533054 12.52684979 16.64180564
16 8.41867031 27.46639607 33.66954194 16.49435709
17 10.78710471 52.02909882 60.39237050 16.45275575
18 24.99152806 61.83529574 9.32704559 16.16569101
19 53.23858234 60.17773295 15.23311804 16.10608303
20 60.99310202 17.36577448 14.08931540 15.85919943
21 24.07125982 10.80837214 9.28184328 15.54110394
22 18.34997027 7.88620334 48.02159893 14.94901195
23 8.40444342 10.07776355 20.17410633 14.75279621
24 59.24206145 62.69294378 60.79062570 14.43237932
25 8.15952671 52.75768905 32.35532050 14.30780940
26 42.01895902 7.92039461 48.63403385 13.97940119
27 38.30506896 59.80990276 60.63686054 13.82025291
28 60.87083585 34.58860243 47.34346387 13.68481539
29 41.50079084 44.79641984 39.49026792 13.53772634
30 60.59006453 8.65578681 42.86671032 13.45560575
31 32.17751978 13.24682014 60.90964649 13.19633222
32 9.72876431 42.68785166 44.60082325 13.16819751
33 39.78027616 63.06784037 22.32807683 13.12756364
34 22.69503867 62.74386074 59.46578931 13.04380732
35 51.87664586 30.47215454 36.77872279 12.77293212
36 7.29848026 16.61590646 8.22747563 12.46929535
37 39.32452077 62.19967765 7.10044072 12.35068158
38 47.47810167 32.13408147 62.15038471 12.04195759
39 63.24156365 55.87796699 44.63431994 11.91436759
40 11.47737814 8.02186221 62.42295151 11.85931014
41 63.09880866 29.20418757 26.36123102 11.76712680
42 7.49961109 8.14071625 38.82214270 11.49575419
43 40.30561726 35.00610936 31.59811833 11.25670610
44 35.42194665 29.51412100 63.77468272 11.20943850
45 5.95207656 17.32177010 46.52719851 11.15669378
46 11.41697394 63.52881917 39.87289584 11.13451928
47 49.60721360 50.59967459 5.97475158 11.11969139
48 30.94745960 30.16322638 23.61521308 11.10521758
49 63.45828418 38.70815174 63.36196493 11.07648720
50 47.00471034 6.40808784 61.54009819 11.06912633
51 6.79562160 39.26645923 25.32858726 11.06342457
52 27.83692416 57.22000308 22.63751400 10.98578978
53 46.80734901 63.10801349 50.57641527 10.96932892
54 63.25411963 51.39083462 7.49433624 10.92309027
55 63.49318124 58.06919836 28.03712537 10.84190148
56 51.31857864 28.30098588 5.61379233 10.81228480
57 21.61070744 27.43865416 41.05038726 10.50167567
58 63.85180504 26.87493225 38.10380824 10.47242663
59 63.64581384 9.88537564 26.19077124 10.40777138
60 12.33137343 48.71441971 5.31144734 10.38163889
61 34.39828421 5.23881051 36.82863061 10.35391425
62 19.76437121 48.21284870 19.99859659 10.17933583
63 40.28356248 42.39042151 64.22246050 10.12970282
64 31.12881200 30.68248594 6.70626142 10.11178822
65 6.09382126 64.81551887 51.73051972 9.99759654
66 54.07492863 5.60780984 7.83869217 9.96095703
67 46.08795903 29.67052611 17.35492505 9.95164620
68 32.40718125 8.69467113 19.88021929 9.94937613
69 5.79271256 38.92187425 56.11167550 9.92198849
70 27.48253592 40.16474584 44.85764551 9.84981276
71 15.74297201 62.41207267 26.22709392 9.80627761
72 54.61966336 19.62279418 42.22051333 9.76707665
73 64.42684861 49.06727158 57.92439378 9.64476849
74 26.16944582 45.73598348 6.05052251 9.61129795
75 50.34015726 29.74068072 51.76649009 9.57275900
76 42.95229456 5.01831024 9.85693907 9.55943246
77 42.99724029 17.12402099 64.62165958 9.43309389
78 5.88126868 5.88428527 6.24148556 9.34968596
79 4.81056349 63.43990090 63.41323898 9.33884404
80 4.87963339 29.99178842 49.32615312 9.30313924
81 16.58972115 59.24022134 50.55751397 9.18728470
82 5.58988367 63.30977587 5.01980782 9.11607369
83 65.24820117 60.85707319 10.45462048 9.02137038
84 27.48811716 21.37950341 18.29013544 8.98258963
85 57.29377646 5.78365569 17.44227433 8.95154713
86 16.57135515 38.72721822 64.26316112 8.94779117
87 65.16484566 28.77740698 56.06692455 8.88085375
88 6.00570567 53.95103344 47.02722792 8.87910323
89 15.53200554 19.79974349 42.47213089 8.83380434
90 4.93149432 5.49912542 48.69192862 8.81113048
91 24.25184161 4.79247356 60.32288094 8.79716874
92 5.37064593 64.48214512 28.56598802 8.76997718
93 64.78923437 29.44907381 8.63159553 8.75470193
94 58.23288611 29.73505067 63.24211962 8.73536646
95 4.44742901 16.08801716 29.59230088 8.68760372
96 7.11957632 33.78255943 65.13434796 8.68390162
97 65.33369895 5.78762054 4.35727841 8.62581112
98 65.21099133 62.78089325 36.80304120 8.61654713
99 42.15871587 32.58005636 7.25455368 8.56174957
100 59.37104375 65.43813134 46.61189195 8.54512094
101 18.46735601 40.47074056 50.67363394 8.52409858
102 65.41298015 19.30235086 25.77949411 8.46992985
103 6.04080632 21.93088876 19.84207091 8.43178945
104 15.50080572 18.63078333 15.51117249 8.42835325
105 65.73216811 15.54793487 35.49156281 8.42132741
106 63.98566096 50.03230339 17.03720960 8.33993768
107 29.98890386 8.23945298 49.60535324 8.33456199
108 52.21024411 29.91677920 25.78610367 8.33337226
109 4.33742918 36.43458517 5.93092735 8.33266936
110 47.53193985 54.40479639 65.78761425 8.31854280
111 48.21665397 65.78732099 63.51215303 8.26818706
112 19.03903701 4.31827145 21.35540597 8.24685150
113 47.29715264 48.74124960 28.23192729 8.24446930
114 36.74358374 24.89596785 33.32600861 8.23592536
115 59.21550572 46.36638794 42.67205671 8.23519372
116 53.05198077 18.78002469 4.36482484 8.21008409
117 16.77658030 21.63867521 4.40737408 8.15050076
118 35.23722967 64.35422750 50.97074334 8.14317841
119 5.20101968 43.10799501 13.33438327 8.13419925
120 65.62334712 21.11673151 45.90732104 8.11230704
121 25.92885665 34.86426228 52.48490682 8.11111565
122 48.04527174 36.02384575 44.79287364 8.08487301
123 24.63961016 4.63677041 38.89736993 8.06426302
124 37.61627352 51.04579259 49.36636269 8.02658936
125 14.62702284 4.15486237 32.46379414 7.99153452
126 4.14435879 10.74159546 55.59491123 7.91407551
127 61.40151847 4.99476972 65.11940553 7.85265953
128 63.43834398 64.65898387 20.85484049 7.81062229
129 14.16783795 32.73158028 45.42724342 7.80688124
130 36.17622099 36.85854901 55.85792382 7.76502163
131 52.80421243 5.22756315 51.36576491 7.74202838
132 13.21807012 65.47568831 63.98560629 7.72511011
133 60.59390405 65.95396258 4.23012424 7.69965049
134 17.41243008 49.05697272 47.99281394 7.68418666
135 25.65242068 22.34038270 9.35294305 7.66797284
136 25.60570132 34.90744310 64.59833434 7.64058666
137 4.60138878 14.46007771 65.71145753 7.61549980
138 65.77584372 5.95592883 17.45320541 7.61320727
139 34.62431820 3.91230145 4.47542203 7.60908852
140 37.84724676 42.55476140 49.21696536 7.56662950
141 39.30614167 24.59695208 20.66494318 7.56426468
142 39.54670730 54.96735717 29.44974534 7.55459124
143 59.00999383 52.65142038 66.04152836 7.53312567
144 65.92790004 38.29499310 4.15563356 7.52656932
145 19.64140813 49.50148959 10.62128567 7.44916641
146 13.90284948 59.59721728 3.86061335 7.41912011
147 64.75863334 44.96272843 50.41422577 7.40550847
148 48.59538145 12.19493103 4.24576233 7.39043449
149 38.56022180 52.05715602 4.31142546 7.39033130
150 65.94755550 65.88970285 51.10989183 7.37631725
151 31.03277563 65.85448225 65.44209379 7.37152490
152 31.33225312 13.85231176 39.33147326 7.31510782
153 6.08065722 27.86659145 4.17260236 7.28748269
154 37.84028368 4.07814110 65.94177068 7.27259292
155 49.14780154 64.94898360 5.15965239 7.27162136
156 3.69214219 47.23934024 6.73380122 7.25037072
157 34.73734865 3.75230210 56.70101374 7.23404331
158 56.05329924 27.20717413 17.61998905 7.21637811
159 6.48134382 39.93709231 34.69497230 7.20621343
160 65.82398378 3.74821264 32.53990651 7.17382711
161 3.61946728 18.12297687 58.36792946 7.16936628
162 27.48168227 65.62718255 27.08952381 7.13781112
163 66.02272145 3.88933769 53.25369173 7.12772119
164 14.23600469 3.74572736 12.08884452 7.11788102
165 33.95243140 4.30820067 12.49247891 7.11624491
166 32.47278989 32.35315915 36.83464346 7.10414661
167 16.80318257 27.02827423 25.20791047 7.09149132
168 45.83165169 41.47554088 4.49511096 7.07536005
169 49.01639611 37.96736968 23.88164568 6.99067218
170 41.14100344 58.07377593 45.33607366 6.98999375
171 32.30958272 4.76371462 27.49935419 6.97281917
172 52.07430017 66.04532107 25.09489584 6.96198109
173 14.88347729 65.70797138 14.34726250 6.95632329
174 58.02214951 59.04865180 3.48247572 6.92742158
175 13.28375478 8.53971760 3.87762677 6.89138152
176 50.13384053 3.61528055 42.07155430 6.88714484
177 51.03655179 49.23841647 21.65423845 6.87170789
178 4.20901504 66.40651182 20.12735227 6.82868843
179 5.26823937 29.89319097 21.21649903 6.81933041
180 48.77579771 13.91274521 12.56123083 6.80862566
181 66.27156689 36.89963882 20.60343259 6.74838751
182 33.41529685 16.99173341 21.77761362 6.74777014
183 7.30131666 41.92526739 65.55647260 6.74074692
184 34.69546722 43.68461129 31.70944510 6.68932738
185 51.08059656 13.09016521 47.07498426 6.68824800
186 40.50416969 65.71390366 44.07369943 6.68283356
187 25.52756082 66.65873608 20.16890156 6.66229220
188 3.90318283 25.27791276 10.74989987 6.65181529
189 13.60659657 55.10621520 41.76764842 6.64184412
190 24.81070407 15.18676359 43.04430404 6.63044758
191 35.31904214 40.46876764 3.47923541 6.62925194
192 59.46109671 24.91848636 4.59692150 6.62827229
193 5.46092071 3.73983669 28.72138594 6.62484501
194 16.72332226 47.04230534 37.90049752 6.62389292
195 65.45264051 20.53518766 3.63052933 6.61843530
196 53.46580320 41.07772237 40.27242912 6.60270992
197 65.99267486 30.31966655 65.01971104 6.60035460
198 55.15829834 41.02847636 65.42178522 6.60017239
199 65.80840990 23.41816771 66.33111112 6.56619050
200 52.13531134 24.83920690 66.64000530 6.56574745
201 4.73751877 22.29407345 65.33698543 6.55942661
202 14.81646944 45.95723329 27.00684426 6.53493981
203 56.73835032 3.30038253 34.80893641 6.52899418
204 50.06488913 4.23866397 14.92597421 6.51895022
205 55.58828192 60.37094706 51.06874625 6.51740921
206 12.48414507 19.45242559 23.54261678 6.51325595
207 19.48106761 51.05518463 28.54135145 6.51110474
208 39.44034746 66.52043942 32.33225217 6.50661160
209 32.74922671 21.85932812 27.33531314 6.50168600
210 36.01710369 29.57693231 14.77352752 6.50124298
211 26.17542431 66.65623506 50.20894849 6.49957455
212 65.80547657 36.81709051 37.77713388 6.48874706
213 5.40341065 3.60256044 56.45162455 6.48538872
214 60.98471077 13.48504566 3.34139954 6.48225468
215 14.77296289 66.44168070 54.77535264 6.47963357
216 66.54763739 66.33618896 30.19017916 6.47876102
217 66.46533256 54.32590510 65.50623287 6.47872173
218 29.84356912 22.68079384 65.64646848 6.45927195
219 3.46651147 55.84588036 3.80076911 6.43462735
220 46.24014307 20.34610597 56.22716793 6.43415345
221 31.29999928 52.15393795 4.55001428 6.43039207
222 66.37521509 53.33428712 35.87067895 6.41945711
223 41.20467143 14.30340132 57.08045937 6.41877253
224 25.79595778 3.54979921 29.71621214 6.39301914
225 60.20171872 20.34428959 33.75344535 6.39278274
226 49.62254070 21.14806679 15.11171259 6.37961099
227 29.44889882 26.21676578 34.47963267 6.36199105
228 18.08470416 66.32926815 44.81238590 6.36007056
229 22.45310462 10.99842360 65.44168611 6.33866329
230 49.15315635 55.57634113 25.19079586 6.33751347
231 13.31282638 65.42804063 7.76273253 6.33638698
232 3.51585719 31.76023086 15.10094281 6.31857887
233 20.61430779 44.00364717 42.26212388 6.30368973
234 65.73437458 58.36289566 53.61219000 6.30224351
235 57.54853617 66.43360248 29.77146999 6.27769580
236 43.00111873 35.96401226 51.46632047 6.24866643
237 49.45823595 20.56316733 49.47561424 6.21666244
238 3.94793461 65.85650217 35.83544709 6.20894234
239 66.00920173 46.53242643 40.16365025 6.20098406
240 66.73447971 34.01215381 14.23964053 6.18748495
241 26.31459757 3.43407505 20.45597696 6.18361462
242 51.73404354 47.33657053 39.83159765 6.18298764
243 66.30083893 3.13244567 60.39749697 6.16681061
244 65.02977457 27.43550271 16.38857478 6.15585537
245 28.55114204 56.84062915 66.56112657 6.14685925
246 39.15906434 3.94377253 19.27472631 6.14651256
247 30.17389930 34.44456149 58.93137390 6.14218004
248 48.84039242 38.33949443 31.60626416 6.12431443
249 21.85440489 56.06450621 66.35514350 6.10357757
250 59.87841380 55.85314331 53.07299124 6.10024294
251 44.56389040 30.43455780 25.27709850 6.09482663
252 3.34334303 66.20700211 12.51298173 6.09340173
253 57.11155909 3.05340588 58.51756985 6.09027732
254 18.33817786 65.80110925 33.84016671 6.08286387
255 49.04139296 25.49930372 44.46756775 6.08130522
256 57.09289917 52.08392781 38.70793611 6.08062452
257 10.63115365 10.91169466 30.54852413 6.07676547
258 10.46526236 16.44659340 37.51926551 6.06319774
259 49.01031520 44.05099562 66.59671179 6.04896835
260 3.90845881 28.13522250 61.59851845 6.03338799
261 14.95759757 41.70432804 57.39698815 6.00074179
262 42.35049887 4.08507193 39.17689463 5.99143308
263 27.95038724 20.71456551 3.05472355 5.98816338
264 58.47078669 32.20505553 3.39414682 5.97003130
265 3.11151130 49.42803601 41.15223963 5.95932154
266 59.28046019 45.67157828 67.01543420 5.93536571
267 3.06125736 46.92856401 53.26130656 5.91413917
268 49.99138554 58.94949572 58.01288935 5.90814027
269 3.31562331 60.80756340 41.24231520 5.90715472
270 32.61411387 37.87059167 66.96343345 5.90529940
271 2.95394914 3.61715756 62.74835053 5.86302543
272 46.02780415 15.84007646 43.02245832 5.85967245
273 54.58194776 5.79671375 65.47849930 5.85869693
274 40.25241030 8.96040357 16.05119342 5.85356815
275 30.94750006 48.68357168 28.73487097 5.84279357
276 34.10286986 65.19954855 14.62250297 5.82717015
277 39.94628143 8.40037094 3.60404603 5.81887602
278 56.20757682 34.36385323 56.28395760 5.81579556
279 12.20597959 45.01636470 20.25184703 5.81477050
280 27.37851201 37.71435938 5.28709623 5.81204333
281 35.45613141 37.11633824 42.33306729 5.79032763
282 31.60165266 66.52850369 56.81615961 5.78743253
283 2.99659808 45.66588167 21.06531388 5.78721551
284 19.48321466 5.47722554 66.23458423 5.78691864
285 55.80941648 55.16903540 26.50903358 5.78612160
286 4.05095692 33.92851095 41.62540620 5.77248199
287 40.80510041 50.83967474 65.43754089 5.76973537
288 60.35031168 24.87499557 48.58075512 5.76098677
289 27.21910803 14.60142020 51.52371703 5.75467120
290 63.96335356 3.54549098 11.39418823 5.72616697
291 59.58965708 3.19793741 28.81146078 5.72514959
292 11.63213604 3.05853341 54.33938875 5.72325318
293 38.27694448 57.72655959 51.08547074 5.71814031
294 66.91747107 42.40541610 9.89228529 5.71149114
295 18.11794606 67.12910672 20.48256198 5.70708130
296 22.88534927 26.11864202 4.07068707 5.70212511
297 17.72704392 3.64279554 2.97214986 5.69433723
298 43.22485862 24.22593695 60.20205724 5.69238681
299 28.68639804 28.40781970 14.70332237 5.69210626
300 30.28671632 4.36193517 66.77700400 5.67559901
301 41.64944114 67.06847672 66.88015612 5.67398243
302 13.64081555 36.96619063 37.64021976 5.66964407
303 47.38641926 58.56326160 3.21388051 5.66554454
304 20.37146407 50.82942301 2.88318179 5.65610255
305 65.20507823 56.32611461 19.92477656 5.64738416
306 56.83350510 49.19944970 18.89472051 5.64724689
307 12.39299408 35.82678393 51.37229928 5.64532541
308 23.16016692 27.03961829 22.76222337 5.63044098
309 40.31035863 37.01162126 46.12906416 5.62312697
310 30.51187042 58.48916228 54.74861430 5.61665285
311 21.15968710 55.92571639 17.65263430 5.60545958
312 33.57380365 2.92816718 46.23953882 5.59779270
313 58.80065539 65.61407180 38.83627838 5.58428151
314 3.82412587 66.62829245 44.47636341 5.57488175
315 32.56145486 10.40963201 2.79457661 5.56776912
316 18.39559137 13.03839301 19.26044792 5.56675124
317 18.63997586 43.52543252 3.39856734 5.56226372
318 58.54734916 22.02189427 23.63821907 5.55289766
319 19.48660781 22.48031300 20.74031694 5.54407332
320 11.01902833 66.96645830 21.37752512 5.53590161
321 62.62318866 44.00451232 3.69364514 5.53023733
322 66.43986342 46.04233551 66.76161894 5.51958864
323 64.51606285 40.10945457 54.85855155 5.51909423
324 27.04523894 51.16499775 12.60640768 5.51889042
325 34.03801613 56.55128623 12.14931311 5.50593748
326 25.11928834 49.72061313 26.01787870 5.49945501
327 19.46861849 38.10089488 43.47655650 5.49806418
328 20.26294064 37.56149824 57.09570641 5.49277033
329 11.24882993 26.32203115 45.03472563 5.49112096
330 23.89587557 27.71520237 29.90434729 5.48709776
331 65.43223527 60.40484745 2.89403211 5.48231836
332 19.92654431 10.91518276 58.94894845 5.47787573
333 3.09352184 23.67309349 53.09733793 5.46813763
334 18.23404340 45.78406201 66.97782093 5.46798137
335 42.23358156 34.24863400 40.00687968 5.46761121
336 58.00422259 28.10102249 10.66577274 5.46702759
337 34.32608867 13.05042132 33.60193144 5.46506065
338 16.52054904 59.87865062 66.52795009 5.46063251
339 54.67350242 25.82933580 46.82693553 5.43905263
340 41.01995358 45.45569578 2.73759789 5.43850003
341 18.99983398 60.90535225 19.17834635 5.42198597
342 23.88808742 45.63756103 13.78499909 5.41580582
343 47.60860625 4.10716626 3.89150515 5.41365907
344 39.17032970 49.96320075 59.94509097 5.41091497
345 66.93436973 9.24569900 66.63251291 5.39959669
346 33.83604242 64.92430512 29.87444603 5.39750478
347 50.02431175 18.81656575 66.65278120 5.38134041
348 38.97268076 3.05578449 25.34695791 5.37728226
349 44.13512980 66.47882521 14.91158199 5.37191683
350 66.41361256 42.72091856 18.63819466 5.33756837
351 66.61383982 21.76996468 32.54684437 5.32592307
352 66.86135179 13.59230298 5.53703213 5.31766968
353 25.74629015 18.18896228 66.48842843 5.30965056
354 9.48289313 41.34100230 4.53526013 5.30693041
355 45.22221062 24.70798634 66.18960791 5.30418338
356 56.53493325 45.26741310 3.39720474 5.30385550
357 32.49314787 45.78952688 47.70228813 5.29992656
358 26.52539934 28.59534968 67.00536263 5.29713667
359 67.13252181 65.75821286 44.17705230 5.28632458
360 67.00640335 66.97657037 65.82777009 5.28421406
361 4.64542875 17.68771315 36.89223781 5.28376285
362 27.53591994 2.87009034 45.04038175 5.28046347
363 22.01546569 19.90878860 45.72871718 5.27988022
364 67.12306111 16.11614933 66.95814863 5.27450071
365 44.30681572 25.12361424 37.84232253 5.27125659
366 33.32953234 12.88755153 26.65676920 5.26074987
367 53.38486697 48.41888583 67.36211670 5.26074714
368 32.68810420 57.67375084 2.84620448 5.25505093
369 43.24484869 56.18306234 12.74259877 5.25271794
370 17.07924845 66.10089454 3.37276354 5.24822403
371 32.81284686 19.51525804 34.60115827 5.24118368
372 51.42215578 48.91151131 15.58654177 5.23479697
373 13.40492665 33.38401083 25.82856541 5.23283429
374 47.58548714 15.21143382 51.49190122 5.20448164
375 66.68966880 41.27223538 42.47934999 5.20324101
376 12.23457095 38.28668049 31.91502992 5.20092025
377 67.36290308 56.75768077 59.64155544 5.20009687
378 66.84432347 13.05757447 48.33623084 5.19758582
379 54.67156292 34.54508726 67.11294815 5.19537056
380 12.79228333 43.41369025 32.99481422 5.15148060
381 37.27041448 67.16695412 38.03254056 5.15093085
382 8.91864327 66.08339735 11.64220369 5.15086419
383 3.56542457 46.43180510 66.92420105 5.14685280
384 12.71604228 66.39537302 47.47918236 5.11335369
385 26.23553896 2.82813221 52.42585165 5.10314093
386 57.23619280 29.10159860 54.39026860 5.09723495
387 65.89528938 67.00172371 14.12870689 5.09263865
388 22.27995901 16.50114741 18.10923089 5.08922894
389 21.11115948 33.97765550 46.74939343 5.08851527
390 50.21550521 48.72337593 34.41368136 5.08362339
391 7.31402254 3.13686459 12.85784470 5.08085888
392 10.14866005 12.68447125 53.69019582 5.07972651
393 62.07936672 2.55796172 21.76055660 5.07883652
394 44.68755506 2.96340815 18.38582310 5.05905604
395 35.87402572 19.86013156 66.10067791 5.05879437
396 10.32012262 63.10673870 58.71199713 5.05843886
397 51.36336627 57.44917945 46.60300790 5.05676973
398 53.43652244 58.18962874 67.21452700 5.03956997
399 2.90996424 9.12906606 31.96063473 5.02381000
400 41.52659950 45.13514803 29.92571036 5.02179356
401 33.76491672 9.80580035 43.50356611 5.01436185
402 44.94185230 41.59004743 28.89982350 5.00365892
403 39.66102408 26.98040471 27.70733601 5.00274699
404 49.69913337 36.69834945 2.84652989 5.00069234
